213294
213290
213329
213234
213328
213288
213293
213283
213279
213270
213203
213195
213223
212950
213099
213181
213086
213141
213233
213229
213226
213126
213087
213207
212681
213158
213148
213108
212986
212987
213073
213103
213072
213060
213059
213068
212904
213026
213049
213047
213017
213048
212616
213051
213041
213029
213036
213033
213032
213031
213030
210537
211814
212932
212931
212978
212973
212941
212956
212958
212513
212916
212914
212910
212903
212902
212900
212899
212938
212915
212913
212912
212896
212891
212886
212783
212781
212766
212764
212826
212851
212836
212829
212765
212591
212778
212743
212734
212806
212732
212733
212735
212737
212736
212739
212738
212585
210558
212702
212658
212717
212727
212639
212604
212629
212627
212626
212625
212624
212622
212621
212615
212612
212611
212588
212587
212623
212633
212617
212590
212518
212553
212596
212508
211007
211236
212515
212494
212497
212492
212351
212442
212499
212477
212408
212406
212404
212399
212398
212444
212439
212432
212429
212428
212427
212421
212265
212360
212358
212335
212279
212278
212276
212372
212363
212361
212359
212356
212380
212357
209520
212266
212255
212271
212269
212296
212334
212297
212293
212292
212283
212282
212237
212190
212259
212206
212199
212198
212129
212148
212146
212161
210182
210180
210178
210177
212120
211970
210193
212112
212033
212067
212095
212103
212034
212071
209189
212053
211499
212068
209303
209302
212046
212018
212006
211862
211925
211893
211741
211889
211780
211777
211756
211807
211790
211788
211785
211779
211641
211836
211830
211786
211774
211755
211835
211828
211706
211841
211843
211722
211738
211737
211781
211720
211798
211791
211789
211787
211784
211783
211782
211778
211776
211775
211773
211772
211771
211770
211769
211768
211767
211766
211765
211764
211763
211762
211761
211760
211753
211751
211750
211729
211727
211726
211725
211749
211744
208919
211711
211674
211672
211700
211666
211665
211664
211663
211697
211639
211648
211647
211661
211634
211620
211618
211617
211592
211556
211555
211670
211669
211544
211548
211585
211533
211522
211493
211456
211486
211516
209604
211386
211432
211451
211387
211443
211482
211477
211476
211329
211351
211409
211357
211355
210754
211286
211285
211283
211257
211254
211207
211206
211202
211201
211331
209240
211205
211204
211211
211178
211139
211134
211131
211077
211117
211057
209606
211070
206534
206523
206521
206520
206519
210943
210942
210936
210926
210980
210989
210917
210953
210891
210873
210914
210821
210818
210827
210828
210757
210753
210777
210723
210697
210676
210596
210633
210513
210488
210441
210444
210467
210455
210443
210435
210339
210358
210390
210353
210351
210397
210368
210360
210310
210301
210336
210332
210293
210258
210243
210136
210105
210221
210129
210128
210148
210106
210083
210082
210092
210108
210107
209798
209925
209923
209916
209914
209954
209739
209930
209944
208416
209906
209899
209898
201858
209735
209669
209639
209631
209468
209598
209603
209602
209469
209618
209555
209571
209456
209411
209400
209390
209391
209246
209245
209337
209336
209335
209275
209253
209254
209162
209192
209161
209159
209137
208947
206868
87170
212862
209200
213284
212968
213359
213305
213313
213322
213304
213307
213310
213308
213303
213367
213312
213321
213370
212763
213380
213139
213392
213397
212985
212984
213389
213395
213405
213406
213407
213373
213143
213450
213357
213476
213478
213470
213474
213492
213485
213501
213502
213513
213526
213527
213528
213529
213531
213543
213566
213520
213571
213573
213575
213577
213580
213581
213585
213586
213521
213572
213574
213576
213578
213579
213582
213583
213584
213587
213588
213589
213591
213656
213608
213609
213610
213662
213678
213660
213628
213686
213689
213668
213649
213655
213709
213640
213700
213638
213642
213630
213631
213672
213667
213670
213671
213663
213664
213666
213665
213222
213728
213739
213333
213785
213783
213718
213808
213822
213802
213803
213823
213722
213831
213813
213828
213830
213829
213805
213833
213883
213845
213885
213886
213894
213872
213899
213870
213836
213897
213916
213911
213915
213959
213967
213968
213977
208749
213986
213995
213972
214011
214009
213719
214024
214036
214027
214026
214046
214040
214047
214068
214059
214058
214056
214062
214116
214099
214107
214112
214109
214108
214100
214114
214119
214121
214106
214110
214118
214102
214096
214093
214079
214122
214091
214105
214090
214095
214085
214082
214094
214113
213747
214080
213742
213745
213746
213748
213661
213743
213750
214137
214063
214160
214159
214163
214162
214150
214147
214176
214161
214149
214171
214177
214154
214173
214170
214179
214192
214155
214206
214207
214200
211904
214216
214233
214234
214245
214244
214250
214237
214255
214263
214275
214268
207416
171383
171385
93145
214307
214318
213744
214333
214320
214342
214343
214376
214359
214371
214365
214394
214396
214422
214429
214431
214462
214459
214465
214466
214469
214479
214480
214472
214488
214477
214474
214500
214501
214458
214512
214519
214506
214517
214520
214513
214518
214524
214526
214527
214559
214560
214561
214562
214563
214564
214565
214558
214568
214569
214570
214571
214572
214573
214578
214579
214580
214581
214582
214583
214575
214584
214589
214540
214541
214576
214599
214587
214552
214553
214603
214402
214628
214615
214657
214651
214650
214648
214659
214647
214654
214658
214645
214652
214619
214656
214663
214668
214692
214703
214720
214717
214719
214723
214733
214736
214742
214744
214730
214755
214759
214760
214671
214688
214793
214795
214807
214819
214798
214806
214816
214818
214808
214810
214794
214815
214792
214800
214820
214825
214827
214834
214838
214828
214829
214830
214852
214842
214839
214847
214832
214837
214843
214850
214840
214846
214860
214863
214865
214870
214835
214876
214881
214884
214855
214862
214891
214890
214897
214879
214916
214920
214921
214931
214930
212465
214962
214969
214970
214973
214971
214972
214728
214992
215006
215005
214964
215030
215024
215032
215028
214918
215050
215061
215060
214774
215068
215039
215003
215008
215037
215012
215108
214985
215111
215033
215110
215098
215089
215092
215093
215095
215081
215102
215101
215080
215096
215104
215100
215097
215082
215087
215094
215091
215109
215103
215078
215099
215079
215107
215086
215105
215125
215131
215027
215026
215172
215170
215171
215169
215133
215153
215159
215163
215146
215134
215141
215135
215186
215145
215162
215152
215158
215164
215160
215143
215149
215155
215140
215132
215136
215157
215150
215161
215165
215193
215195
215184
215180
215206
215232
215243
215248
215290
215275
215291
215293
215294
215286
215288
215284
215289
215285
215281
215282
215283
215280
215279
215277
215297
215299
215300
215256
215234
215309
215322
214872
215334
215336
215337
215338
215340
215343
215347
215365
215366
215362
215363
215386
215390
215389
215393
215350
215384
215414
215419
215421
215444
215453
215462
215429
215353
215420
215433
215457
215461
215478
215469
215496
215489
215490
215491
215492
215493
215494
215495
215507
215515
215520
214606
215528
215534
215557
215547
215550
215553
215538
215539
215549
215551
215552
215407
215560
215581
215599
215594
215635
215624
215627
215636
215593
215656
215647
215689
215694
215704
215661
215662
215696
215710
215703
215705
215761
215765
215768
215810
215804
215776
215781
215782
215783
215819
215814
215813
215620
215839
215840
215842
215847
215848
215850
215851
215854
215855
215846
215838
215844
215845
215849
215852
215853
215857
215858
215859
215860
215861
215862
215863
215871
215821
215822
215868
215881
215878
215884
215888
214907
215898
215904
215917
215918
215936
215651
215937
215921
215942
215947
215949
215959
